# lambda(m)    intensity
5.000000000e-07 1218.017549
5.001465559e-07 1271.022832
5.002931119e-07 1323.887070
5.004396678e-07 1376.130156
5.005862237e-07 1427.276138
5.007327797e-07 1476.857938
5.008793356e-07 1524.421988
5.010258915e-07 1569.532750
5.011724475e-07 1611.777059
5.013190034e-07 1650.768262
5.014655594e-07 1686.150098
5.016121153e-07 1717.600297
5.017586712e-07 1744.833842
5.019052272e-07 1767.605881
5.020517831e-07 1785.714246
5.021983390e-07 1799.001569
5.023448950e-07 1807.356952
5.024914509e-07 1810.717200
5.026380068e-07 1809.067582
5.027845628e-07 1802.442131
5.029311187e-07 1790.923464
5.030776746e-07 1774.642134
5.032242306e-07 1753.775514
5.033707865e-07 1728.546228
5.035173425e-07 1699.220140
5.036638984e-07 1666.103922
5.038104543e-07 1629.542223
5.039570103e-07 1589.914468
5.041035662e-07 1547.631312
5.042501221e-07 1503.130796
5.043966781e-07 1456.874221
5.045432340e-07 1409.341800
5.046897899e-07 1361.028119
5.048363459e-07 1312.437446
5.049829018e-07 1264.078946
5.051294577e-07 1216.461837
5.052760137e-07 1170.090534
5.054225696e-07 1125.459836
5.055691255e-07 1083.050185
5.057156815e-07 1043.323068
5.058622374e-07 1006.716571
5.060087934e-07 973.641164
5.061553493e-07 944.475731
5.063019052e-07 919.563889
5.064484612e-07 899.210641
5.065950171e-07 883.679381
5.067415730e-07 873.189290
5.068881290e-07 867.913137
5.070346849e-07 867.975522
5.071812408e-07 873.451558
5.073277968e-07 884.366022
5.074743527e-07 900.692973
5.076209086e-07 922.355845
5.077674646e-07 949.228013
5.079140205e-07 981.133827
5.080605765e-07 1017.850107
5.082071324e-07 1059.108081
5.083536883e-07 1104.595752
5.085002443e-07 1153.960670
5.086468002e-07 1206.813089
5.087933561e-07 1262.729465
5.089399121e-07 1321.256288
5.090864680e-07 1381.914183
5.092330239e-07 1444.202268
5.093795799e-07 1507.602713
5.095261358e-07 1571.585464
5.096726917e-07 1635.613092
5.098192477e-07 1699.145707
5.099658036e-07 1761.645918
5.101123596e-07 1822.583767
5.102589155e-07 1881.441609
5.104054714e-07 1937.718884
5.105520274e-07 1990.936746
5.106985833e-07 2040.642497
5.108451392e-07 2086.413791
5.109916952e-07 2127.862568
5.111382511e-07 2164.638685
5.112848070e-07 2196.433205
5.114313630e-07 2222.981320
5.115779189e-07 2244.064874
5.117244748e-07 2259.514476
5.118710308e-07 2269.211165
5.120175867e-07 2273.087628
5.121641426e-07 2271.128950
5.123106986e-07 2263.372899
5.124572545e-07 2249.909727
5.126038105e-07 2230.881506
5.127503664e-07 2206.480994
5.128969223e-07 2176.950044
5.130434783e-07 2142.577571
5.131900342e-07 2103.697093
5.133365901e-07 2060.683871
5.134831461e-07 2013.951665
5.136297020e-07 1963.949152
5.137762579e-07 1911.156017
5.139228139e-07 1856.078763
5.140693698e-07 1799.246283
5.142159257e-07 1741.205218
5.143624817e-07 1682.515153
5.145090376e-07 1623.743691
5.146555936e-07 1565.461449
5.148021495e-07 1508.237016
5.149487054e-07 1452.631927
5.150952614e-07 1399.195687
5.152418173e-07 1348.460894
5.153883732e-07 1300.938504
5.155349292e-07 1257.113281
5.156814851e-07 1217.439468
5.158280410e-07 1182.336718
5.159745970e-07 1152.186327
5.161211529e-07 1127.327793
5.162677088e-07 1108.055736
5.164142648e-07 1094.617210
5.165608207e-07 1087.209418
5.167073766e-07 1085.977864
5.168539326e-07 1091.014956
5.170004885e-07 1102.359057
5.171470445e-07 1119.994018
5.172936004e-07 1143.849171
5.174401563e-07 1173.799807
5.175867123e-07 1209.668108
5.177332682e-07 1251.224556
5.178798241e-07 1298.189777
5.180263801e-07 1350.236828
5.181729360e-07 1406.993887
5.183194919e-07 1468.047345
5.184660479e-07 1532.945253
5.186126038e-07 1601.201105
5.187591597e-07 1672.297927
5.189057157e-07 1745.692630
5.190522716e-07 1820.820589
5.191988276e-07 1897.100419
5.193453835e-07 1973.938900
5.194919394e-07 2050.736002
5.196384954e-07 2126.889987
5.197850513e-07 2201.802523
5.199316072e-07 2274.883780
5.200781632e-07 2345.557460
5.202247191e-07 2413.265720
5.203712750e-07 2477.473943
5.205178310e-07 2537.675321
5.206643869e-07 2593.395207
5.208109428e-07 2644.195206
5.209574988e-07 2689.676956
5.211040547e-07 2729.485585
5.212506106e-07 2763.312805
5.213971666e-07 2790.899615
5.215437225e-07 2812.038600
5.216902785e-07 2826.575787
5.218368344e-07 2834.412073
5.219833903e-07 2835.504183
5.221299463e-07 2829.865166
5.222765022e-07 2817.564422
5.224230581e-07 2798.727258
5.225696141e-07 2773.533977
5.227161700e-07 2742.218510
5.228627259e-07 2705.066597
5.230092819e-07 2662.413539
5.231558378e-07 2614.641534
5.233023937e-07 2562.176620
5.234489497e-07 2505.485255
5.235955056e-07 2445.070553
5.237420616e-07 2381.468219
5.238886175e-07 2315.242205
5.240351734e-07 2246.980127
5.241817294e-07 2177.288492
5.243282853e-07 2106.787747
5.244748412e-07 2036.107224
5.246213972e-07 1965.879996
5.247679531e-07 1896.737698
5.249145090e-07 1829.305356
5.250610650e-07 1764.196262
5.252076209e-07 1702.006941
5.253541768e-07 1643.312245
5.255007328e-07 1588.660623
5.256472887e-07 1538.569593
5.257938447e-07 1493.521470
5.259404006e-07 1453.959370
5.260869565e-07 1420.283521
5.262335125e-07 1392.847932
5.263800684e-07 1371.957420
5.265266243e-07 1357.865038
5.266731803e-07 1350.769912
5.268197362e-07 1350.815519
5.269662921e-07 1358.088407
5.271128481e-07 1372.617371
5.272594040e-07 1394.373092
5.274059599e-07 1423.268249
5.275525159e-07 1459.158089
5.276990718e-07 1501.841458
5.278456277e-07 1551.062296
5.279921837e-07 1606.511554
5.281387396e-07 1667.829555
5.282852956e-07 1734.608747
5.284318515e-07 1806.396850
5.285784074e-07 1882.700360
5.287249634e-07 1962.988380
5.288715193e-07 2046.696758
5.290180752e-07 2133.232491
5.291646312e-07 2221.978361
5.293111871e-07 2312.297771
5.294577430e-07 2403.539734
5.296042990e-07 2495.043984
5.297508549e-07 2586.146170
5.298974108e-07 2676.183073
5.300439668e-07 2764.497838
5.301905227e-07 2850.445146
5.303370787e-07 2933.396311
5.304836346e-07 3012.744242
5.306301905e-07 3087.908249
5.307767465e-07 3158.338641
5.309233024e-07 3223.521090
5.310698583e-07 3282.980722
5.312164143e-07 3336.285899
5.313629702e-07 3383.051677
5.315095261e-07 3422.942892
5.316560821e-07 3455.676874
5.318026380e-07 3481.025747
5.319491939e-07 3498.818306
5.320957499e-07 3508.941462
5.322423058e-07 3511.341232
5.323888617e-07 3506.023277
5.325354177e-07 3493.052979
5.326819736e-07 3472.555051
5.328285296e-07 3444.712699
5.329750855e-07 3409.766325
5.331216414e-07 3368.011794
5.332681974e-07 3319.798266
5.334147533e-07 3265.525626
5.335613092e-07 3205.641515
5.337078652e-07 3140.637998
5.338544211e-07 3071.047885
5.340009770e-07 2997.440741
5.341475330e-07 2920.418608
5.342940889e-07 2840.611482
5.344406448e-07 2758.672563
5.345872008e-07 2675.273336
5.347337567e-07 2591.098501
5.348803127e-07 2506.840801
5.350268686e-07 2423.195787
5.351734245e-07 2340.856550
5.353199805e-07 2260.508477
5.354665364e-07 2182.824055
5.356130923e-07 2108.457772
5.357596483e-07 2038.041143
5.359062042e-07 1972.177913
5.360527601e-07 1911.439463
5.361993161e-07 1856.360451
5.363458720e-07 1807.434733
5.364924279e-07 1765.111585
5.366389839e-07 1729.792247
5.367855398e-07 1701.826840
5.369320957e-07 1681.511652
5.370786517e-07 1669.086825
5.372252076e-07 1664.734462
5.373717636e-07 1668.577169
5.375183195e-07 1680.677026
5.376648754e-07 1701.035023
5.378114314e-07 1729.590942
5.379579873e-07 1766.223687
5.381045432e-07 1810.752080
5.382510992e-07 1862.936093
5.383976551e-07 1922.478513
5.385442110e-07 1989.027043
5.386907670e-07 2062.176798
5.388373229e-07 2141.473200
5.389838788e-07 2226.415234
5.391304348e-07 2316.459056
5.392769907e-07 2411.021907
5.394235467e-07 2509.486326
5.395701026e-07 2611.204616
5.397166585e-07 2715.503530
5.398632145e-07 2821.689157
5.400097704e-07 2929.051953
5.401563263e-07 3036.871890
5.403028823e-07 3144.423694
5.404494382e-07 3250.982113
5.405959941e-07 3355.827196
5.407425501e-07 3458.249528
5.408891060e-07 3557.555406
5.410356619e-07 3653.071886
5.411822179e-07 3744.151701
5.413287738e-07 3830.177978
5.414753298e-07 3910.568754
5.416218857e-07 3984.781230
5.417684416e-07 4052.315756
5.419149976e-07 4112.719494
5.420615535e-07 4165.589759
5.422081094e-07 4210.576994
5.423546654e-07 4247.387365
5.425012213e-07 4275.784958
5.426477772e-07 4295.593568
5.427943332e-07 4306.698049
5.429408891e-07 4309.045242
5.430874450e-07 4302.644446
5.432340010e-07 4287.567457
5.433805569e-07 4263.948154
5.435271128e-07 4231.981640
5.436736688e-07 4191.922957
5.438202247e-07 4144.085362
5.439667807e-07 4088.838199
5.441133366e-07 4026.604365
5.442598925e-07 3957.857400
5.444064485e-07 3883.118219
5.445530044e-07 3802.951495
5.446995603e-07 3717.961751
5.448461163e-07 3628.789149
5.449926722e-07 3536.105045
5.451392281e-07 3440.607304
5.452857841e-07 3343.015440
5.454323400e-07 3244.065597
5.455788959e-07 3144.505410
5.457254519e-07 3045.088788
5.458720078e-07 2946.570641
5.460185638e-07 2849.701610
5.461651197e-07 2755.222818
5.463116756e-07 2663.860683
5.464582316e-07 2576.321841
5.466047875e-07 2493.288190
5.467513434e-07 2415.412122
5.468978994e-07 2343.311940
5.470444553e-07 2277.567525
5.471910112e-07 2218.716262
5.473375672e-07 2167.249253
5.474841231e-07 2123.607859
5.476306790e-07 2088.180579
5.477772350e-07 2061.300296
5.479237909e-07 2043.241898
5.480703468e-07 2034.220309
5.482169028e-07 2034.388926
5.483634587e-07 2043.838476
5.485100147e-07 2062.596309
5.486565706e-07 2090.626122
5.488031265e-07 2127.828118
5.489496825e-07 2174.039607
5.490962384e-07 2229.036026
5.492427943e-07 2292.532391
5.493893503e-07 2364.185159
5.495359062e-07 2443.594490
5.496824621e-07 2530.306889
5.498290181e-07 2623.818223
5.499755740e-07 2723.577073
5.501221299e-07 2828.988412
5.502686859e-07 2939.417584
5.504152418e-07 3054.194544
5.505617978e-07 3172.618344
5.507083537e-07 3293.961828
5.508549096e-07 3417.476506
5.510014656e-07 3542.397568
5.511480215e-07 3667.949019
5.512945774e-07 3793.348879
5.514411334e-07 3917.814430
5.515876893e-07 4040.567474
5.517342452e-07 4160.839549
5.518808012e-07 4277.877094
5.520273571e-07 4390.946508
5.521739130e-07 4499.339077
5.523204690e-07 4602.375737
5.524670249e-07 4699.411637
5.526135809e-07 4789.840484
5.527601368e-07 4873.098618
5.529066927e-07 4948.668814
5.530532487e-07 5016.083773
5.531998046e-07 5074.929282
5.533463605e-07 5124.847023
5.534929165e-07 5165.537010
5.536394724e-07 5196.759642
5.537860283e-07 5218.337361
5.539325843e-07 5230.155891
5.540791402e-07 5232.165067
5.542256961e-07 5224.379239
5.543722521e-07 5206.877257
5.545188080e-07 5179.802017
5.546653639e-07 5143.359605
5.548119199e-07 5097.818014
5.549584758e-07 5043.505456
5.551050318e-07 4980.808287
5.552515877e-07 4910.168540
5.553981436e-07 4832.081107
5.555446996e-07 4747.090563
5.556912555e-07 4655.787677
5.558378114e-07 4558.805612
5.559843674e-07 4456.815859
5.561309233e-07 4350.523912
5.562774792e-07 4240.664730
5.564240352e-07 4127.997999
5.565705911e-07 4013.303248
5.567171470e-07 3897.374816
5.568637030e-07 3781.016744
5.570102589e-07 3665.037591
5.571568149e-07 3550.245224
5.573033708e-07 3437.441613
5.574499267e-07 3327.417667
5.575964827e-07 3220.948137
5.577430386e-07 3118.786621
5.578895945e-07 3021.660714
5.580361505e-07 2930.267314
5.581827064e-07 2845.268134
5.583292623e-07 2767.285433
5.584758183e-07 2696.898002
5.586223742e-07 2634.637426
5.587689301e-07 2580.984654
5.589154861e-07 2536.366879
5.590620420e-07 2501.154775
5.592085979e-07 2475.660082
5.593551539e-07 2460.133574
5.595017098e-07 2454.763408
5.596482658e-07 2459.673871
5.597948217e-07 2474.924537
5.599413776e-07 2500.509827
5.600879336e-07 2536.358982
5.602344895e-07 2582.336452
5.603810454e-07 2638.242686
5.605276014e-07 2703.815334
5.606741573e-07 2778.730834
5.608207132e-07 2862.606396
5.609672692e-07 2955.002342
5.611138251e-07 3055.424817
5.612603810e-07 3163.328831
5.614069370e-07 3278.121625
5.615534929e-07 3399.166329
5.617000489e-07 3525.785904
5.618466048e-07 3657.267323
5.619931607e-07 3792.865988
5.621397167e-07 3931.810331
5.622862726e-07 4073.306590
5.624328285e-07 4216.543721
5.625793845e-07 4360.698408
5.627259404e-07 4504.940165
5.628724963e-07 4648.436459
5.630190523e-07 4790.357867
5.631656082e-07 4929.883197
5.633121641e-07 5066.204561
5.634587201e-07 5198.532371
5.636052760e-07 5326.100212
5.637518319e-07 5448.169573
5.638983879e-07 5564.034416
5.640449438e-07 5673.025524
5.641914998e-07 5774.514643
5.643380557e-07 5867.918358
5.644846116e-07 5952.701696
5.646311676e-07 6028.381435
5.647777235e-07 6094.529096
5.649242794e-07 6150.773593
5.650708354e-07 6196.803540
5.652173913e-07 6232.369187
5.653639472e-07 6257.283988
5.655105032e-07 6271.425777
5.656570591e-07 6274.737554
5.658036150e-07 6267.227878
5.659501710e-07 6248.970862
5.660967269e-07 6220.105768
5.662432829e-07 6180.836208
5.663898388e-07 6131.428964
5.665363947e-07 6072.212416
5.666829507e-07 6003.574607
5.668295066e-07 5925.960944
5.669760625e-07 5839.871561
5.671226185e-07 5745.858348
5.672691744e-07 5644.521669
5.674157303e-07 5536.506801
5.675622863e-07 5422.500092
5.677088422e-07 5303.224881
5.678553981e-07 5179.437202
5.680019541e-07 5051.921286
5.681485100e-07 4921.484902
5.682950660e-07 4788.954557
5.684416219e-07 4655.170593
5.685881778e-07 4520.982190
5.687347338e-07 4387.242336
5.688812897e-07 4254.802759
5.690278456e-07 4124.508884
5.691744016e-07 3997.194821
5.693209575e-07 3873.678422
5.694675134e-07 3754.756442
5.696140694e-07 3641.199822
5.697606253e-07 3533.749126
5.699071812e-07 3433.110166
5.700537372e-07 3339.949825
5.702002931e-07 3254.892119
5.703468490e-07 3178.514505
5.704934050e-07 3111.344471
5.706399609e-07 3053.856420
5.707865169e-07 3006.468860
5.709330728e-07 2969.541934
5.710796287e-07 2943.375279
5.712261847e-07 2928.206252
5.713727406e-07 2924.208515
5.715192965e-07 2931.490991
5.716658525e-07 2950.097196
5.718124084e-07 2980.004963
5.719589643e-07 3021.126530
5.721055203e-07 3073.309028
5.722520762e-07 3136.335329
5.723986321e-07 3209.925279
5.725451881e-07 3293.737290
5.726917440e-07 3387.370282
5.728383000e-07 3490.365978
5.729848559e-07 3602.211515
5.731314118e-07 3722.342382
5.732779678e-07 3850.145640
5.734245237e-07 3984.963430
5.735710796e-07 4126.096729
5.737176356e-07 4272.809344
5.738641915e-07 4424.332117
5.740107474e-07 4579.867315
5.741573034e-07 4738.593180
5.743038593e-07 4899.668613
5.744504152e-07 5062.237972
5.745969712e-07 5225.435939
5.747435271e-07 5388.392447
5.748900830e-07 5550.237631
5.750366390e-07 5710.106767
5.751831949e-07 5867.145187
5.753297509e-07 6020.513130
5.754763068e-07 6169.390503
5.756228627e-07 6312.981532
5.757694187e-07 6450.519267
5.759159746e-07 6581.269926
5.760625305e-07 6704.537043
5.762090865e-07 6819.665409
5.763556424e-07 6926.044769
5.765021983e-07 7023.113274
5.766487543e-07 7110.360647
5.767953102e-07 7187.331066
5.769418661e-07 7253.625732
5.770884221e-07 7308.905120
5.772349780e-07 7352.890895
5.773815340e-07 7385.367482
5.775280899e-07 7406.183286
5.776746458e-07 7415.251555
5.778212018e-07 7412.550874
5.779677577e-07 7398.125302
5.781143136e-07 7372.084143
5.782608696e-07 7334.601345
5.784074255e-07 7285.914555
5.785539814e-07 7226.323810
5.787005374e-07 7156.189884
5.788470933e-07 7075.932308
5.789936492e-07 6986.027053
5.791402052e-07 6887.003917
5.792867611e-07 6779.443605
5.794333170e-07 6663.974538
5.795798730e-07 6541.269398
5.797264289e-07 6412.041434
5.798729849e-07 6277.040544
5.800195408e-07 6137.049168
5.801660967e-07 5992.877991
5.803126527e-07 5845.361512
5.804592086e-07 5695.353473
5.806057645e-07 5543.722191
5.807523205e-07 5391.345819
5.808988764e-07 5239.107549
5.810454323e-07 5087.890798
5.811919883e-07 4938.574396
5.813385442e-07 4792.027800
5.814851001e-07 4649.106370
5.816316561e-07 4510.646718
5.817782120e-07 4377.462169
5.819247680e-07 4250.338352
5.820713239e-07 4130.028938
5.822178798e-07 4017.251569
5.823644358e-07 3912.683973
5.825109917e-07 3816.960303
5.826575476e-07 3730.667716
5.828041036e-07 3654.343207
5.829506595e-07 3588.470717
5.830972154e-07 3533.478532
5.832437714e-07 3489.736974
5.833903273e-07 3457.556422
5.835368832e-07 3437.185639
5.836834392e-07 3428.810446
5.838299951e-07 3432.552723
5.839765511e-07 3448.469762
5.841231070e-07 3476.553956
5.842696629e-07 3516.732848
5.844162189e-07 3568.869514
5.845627748e-07 3632.763294
5.847093307e-07 3708.150863
5.848558867e-07 3794.707629
5.850024426e-07 3892.049464
5.851489985e-07 3999.734738
5.852955545e-07 4117.266667
5.854421104e-07 4244.095939
5.855886663e-07 4379.623626
5.857352223e-07 4523.204349
5.858817782e-07 4674.149686
5.860283341e-07 4831.731804
5.861748901e-07 4995.187296
5.863214460e-07 5163.721196
5.864680020e-07 5336.511164
5.866145579e-07 5512.711803
5.867611138e-07 5691.459094
5.869076698e-07 5871.874926
5.870542257e-07 6053.071692
5.872007816e-07 6234.156935
5.873473376e-07 6414.238002
5.874938935e-07 6592.426708
5.876404494e-07 6767.843963
5.877870054e-07 6939.624349
5.879335613e-07 7106.920616
5.880801172e-07 7268.908087
5.882266732e-07 7424.788933
5.883732291e-07 7573.796305
5.885197851e-07 7715.198303
5.886663410e-07 7848.301758
5.888128969e-07 7972.455805
5.889594529e-07 8087.055242
5.891060088e-07 8191.543639
5.892525647e-07 8285.416197
5.893991207e-07 8368.222338
5.895456766e-07 8439.568008
5.896922325e-07 8499.117691
5.898387885e-07 8546.596117
5.899853444e-07 8581.789657
5.901319003e-07 8604.547405
5.902784563e-07 8614.781933
5.904250122e-07 8612.469718
5.905715681e-07 8597.651248
5.907181241e-07 8570.430796
5.908646800e-07 8530.975868
5.910112360e-07 8479.516334
5.911577919e-07 8416.343236
5.913043478e-07 8341.807290
5.914509038e-07 8256.317085
5.915974597e-07 8160.336993
5.917440156e-07 8054.384794
5.918905716e-07 7939.029037
5.920371275e-07 7814.886144
5.921836834e-07 7682.617280
5.923302394e-07 7542.924994
5.924767953e-07 7396.549667
5.926233512e-07 7244.265758
5.927699072e-07 7086.877897
5.929164631e-07 6925.216825
5.930630191e-07 6760.135209
5.932095750e-07 6592.503350
5.933561309e-07 6423.204818
5.935026869e-07 6253.132010
5.936492428e-07 6083.181685
5.937957987e-07 5914.250478
5.939423547e-07 5747.230417
5.940889106e-07 5583.004473
5.942354665e-07 5422.442165
5.943820225e-07 5266.395229
5.945285784e-07 5115.693390
5.946751343e-07 4971.140246
5.948216903e-07 4833.509287
5.949682462e-07 4703.540071
5.951148021e-07 4581.934577
5.952613581e-07 4469.353739
5.954079140e-07 4366.414200
5.955544700e-07 4273.685284
5.957010259e-07 4191.686209
5.958475818e-07 4120.883544
5.959941378e-07 4061.688943
5.961406937e-07 4014.457142
5.962872496e-07 3979.484239
5.964338056e-07 3957.006277
5.965803615e-07 3947.198106
5.967269174e-07 3950.172566
5.968734734e-07 3965.979960
5.970200293e-07 3994.607844
5.971665852e-07 4035.981120
5.973131412e-07 4089.962436
5.974596971e-07 4156.352892
5.976062531e-07 4234.893039
5.977528090e-07 4325.264183
5.978993649e-07 4427.089961
5.980459209e-07 4539.938207
5.981924768e-07 4663.323084
5.983390327e-07 4796.707466
5.984855887e-07 4939.505577
5.986321446e-07 5091.085851
5.987787005e-07 5250.774019
5.989252565e-07 5417.856387
5.990718124e-07 5591.583308
5.992183683e-07 5771.172819
5.993649243e-07 5955.814428
5.995114802e-07 6144.673033
5.996580362e-07 6336.892954
5.998045921e-07 6531.602053
5.999511480e-07 6727.915934
6.000977040e-07 6924.942188
6.002442599e-07 7121.784675
6.003908158e-07 7317.547810
6.005373718e-07 7511.340851
6.006839277e-07 7702.282141
6.008304836e-07 7889.503316
6.009770396e-07 8072.153429
6.011235955e-07 8249.402991
6.012701514e-07 8420.447904
6.014167074e-07 8584.513264
6.015632633e-07 8740.857015
6.017098192e-07 8888.773453
6.018563752e-07 9027.596534
6.020029311e-07 9156.703007
6.021494871e-07 9275.515324
6.022960430e-07 9383.504338
6.024425989e-07 9480.191762
6.025891549e-07 9565.152389
6.027357108e-07 9638.016050
6.028822667e-07 9698.469321
6.030288227e-07 9746.256944
6.031753786e-07 9781.182989
6.033219345e-07 9803.111722
6.034684905e-07 9811.968192
6.036150464e-07 9807.738539
6.037616023e-07 9790.470005
6.039081583e-07 9760.270668
6.040547142e-07 9717.308881
6.042012702e-07 9661.812443
6.043478261e-07 9594.067483
6.044943820e-07 9514.417083
6.046409380e-07 9423.259632
6.047874939e-07 9321.046926
6.049340498e-07 9208.282025
6.050806058e-07 9085.516878
6.052271617e-07 8953.349718
6.053737176e-07 8812.422256
6.055202736e-07 8663.416671
6.056668295e-07 8507.052423
6.058133854e-07 8344.082899
6.059599414e-07 8175.291906
6.061064973e-07 8001.490033
6.062530532e-07 7823.510894
6.063996092e-07 7642.207274
6.065461651e-07 7458.447191
6.066927211e-07 7273.109899
6.068392770e-07 7087.081845
6.069858329e-07 6901.252600
6.071323889e-07 6716.510786
6.072789448e-07 6533.740009
6.074255007e-07 6353.814833
6.075720567e-07 6177.596790
6.077186126e-07 6005.930471
6.078651685e-07 5839.639689
6.080117245e-07 5679.523753
6.081582804e-07 5526.353857
6.083048363e-07 5380.869605
6.084513923e-07 5243.775685
6.085979482e-07 5115.738707
6.087445042e-07 4997.384228
6.088910601e-07 4889.293954
6.090376160e-07 4792.003161
6.091841720e-07 4705.998323
6.093307279e-07 4631.714966
6.094772838e-07 4569.535756
6.096238398e-07 4519.788832
6.097703957e-07 4482.746388
6.099169516e-07 4458.623504
6.100635076e-07 4447.577241
6.102100635e-07 4449.706001
6.103566194e-07 4465.049143
6.105031754e-07 4493.586872
6.106497313e-07 4535.240394
6.107962872e-07 4589.872326
6.109428432e-07 4657.287376
6.110893991e-07 4737.233277
6.112359551e-07 4829.401971
6.113825110e-07 4933.431047
6.115290669e-07 5048.905405
6.116756229e-07 5175.359167
6.118221788e-07 5312.277796
6.119687347e-07 5459.100435
6.121152907e-07 5615.222444
6.122618466e-07 5779.998124
6.124084025e-07 5952.743622
6.125549585e-07 6132.739993
6.127015144e-07 6319.236416
6.128480703e-07 6511.453539
6.129946263e-07 6708.586946
6.131411822e-07 6909.810729
6.132877382e-07 7114.281139
6.134342941e-07 7321.140320
6.135808500e-07 7529.520084
6.137274060e-07 7738.545732
6.138739619e-07 7947.339896
6.140205178e-07 8155.026374
6.141670738e-07 8360.733965
6.143136297e-07 8563.600266
6.144601856e-07 8762.775423
6.146067416e-07 8957.425820
6.147532975e-07 9146.737692
6.148998534e-07 9329.920635
6.150464094e-07 9506.211020
6.151929653e-07 9674.875267
6.153395213e-07 9835.212995
6.154860772e-07 9986.560016
6.156326331e-07 10128.291160
6.157791891e-07 10259.822934
6.159257450e-07 10380.615987
6.160723009e-07 10490.177382
6.162188569e-07 10588.062666
6.163654128e-07 10673.877717
6.165119687e-07 10747.280375
6.166585247e-07 10807.981849
6.168050806e-07 10855.747884
6.169516365e-07 10890.399695
6.170981925e-07 10911.814661
6.172447484e-07 10919.926770
6.173913043e-07 10914.726833
6.175378603e-07 10896.262438
6.176844162e-07 10864.637674
6.178309722e-07 10820.012610
6.179775281e-07 10762.602531
6.181240840e-07 10692.676947
6.182706400e-07 10610.558369
6.184171959e-07 10516.620866
6.185637518e-07 10411.288400
6.187103078e-07 10295.032957
6.188568637e-07 10168.372480
6.190034196e-07 10031.868604
6.191499756e-07 9886.124220
6.192965315e-07 9731.780865
6.194430874e-07 9569.515955
6.195896434e-07 9400.039874
6.197361993e-07 9224.092930
6.198827553e-07 9042.442193
6.200293112e-07 8855.878226
6.201758671e-07 8665.211724
6.203224231e-07 8471.270082
6.204689790e-07 8274.893892
6.206155349e-07 8076.933402
6.207620909e-07 7878.244936
6.209086468e-07 7679.687303
6.210552027e-07 7482.118199
6.212017587e-07 7286.390626
6.213483146e-07 7093.349339
6.214948705e-07 6903.827333
6.216414265e-07 6718.642392
6.217879824e-07 6538.593708
6.219345383e-07 6364.458584
6.220810943e-07 6196.989241
6.222276502e-07 6036.909730
6.223742062e-07 5884.912975
6.225207621e-07 5741.657952
6.226673180e-07 5607.767012
6.228138740e-07 5483.823364
6.229604299e-07 5370.368728
6.231069858e-07 5267.901164
6.232535418e-07 5176.873086
6.234000977e-07 5097.689474
6.235466536e-07 5030.706278
6.236932096e-07 4976.229033
6.238397655e-07 4934.511690
6.239863214e-07 4905.755649
6.241328774e-07 4890.109023
6.242794333e-07 4887.666115
6.244259893e-07 4898.467124
6.245725452e-07 4922.498060
6.247191011e-07 4959.690901
6.248656571e-07 5009.923950
6.250122130e-07 5073.022424
6.251587689e-07 5148.759256
6.253053249e-07 5236.856101
6.254518808e-07 5336.984556
6.255984367e-07 5448.767580
6.257449927e-07 5571.781102
6.258915486e-07 5705.555821
6.260381045e-07 5849.579185
6.261846605e-07 6003.297539
6.263312164e-07 6166.118431
6.264777723e-07 6337.413075
6.266243283e-07 6516.518948
6.267708842e-07 6702.742522
6.269174402e-07 6895.362110
6.270639961e-07 7093.630822
6.272105520e-07 7296.779606
6.273571080e-07 7504.020383
6.275036639e-07 7714.549239
6.276502198e-07 7927.549678
6.277967758e-07 8142.195915
6.279433317e-07 8357.656196
6.280898876e-07 8573.096137
6.282364436e-07 8787.682060
6.283829995e-07 9000.584320
6.285295554e-07 9210.980603
6.286761114e-07 9418.059195
6.288226673e-07 9621.022187
6.289692233e-07 9819.088626
6.291157792e-07 10011.497586
6.292623351e-07 10197.511152
6.294088911e-07 10376.417303
6.295554470e-07 10547.532686
6.297020029e-07 10710.205268
6.298485589e-07 10863.816855
6.299951148e-07 11007.785472
6.301416707e-07 11141.567594
6.302882267e-07 11264.660216
6.304347826e-07 11376.602761
6.305813385e-07 11476.978807
6.307278945e-07 11565.417651
6.308744504e-07 11641.595669
6.310210064e-07 11705.237502
6.311675623e-07 11756.117047
6.313141182e-07 11794.058239
6.314606742e-07 11818.935655
6.316072301e-07 11830.674900
6.317537860e-07 11829.252801
6.319003420e-07 11814.697400
6.320468979e-07 11787.087742
6.321934538e-07 11746.553473
6.323400098e-07 11693.274228
6.324865657e-07 11627.478842
6.326331216e-07 11549.444362
6.327796776e-07 11459.494873
6.329262335e-07 11358.000152
6.330727894e-07 11245.374144
6.332193454e-07 11122.073267
6.333659013e-07 10988.594568
6.335124573e-07 10845.473716
6.336590132e-07 10693.282860
6.338055691e-07 10532.628345
6.339521251e-07 10364.148308
6.340986810e-07 10188.510156
6.342452369e-07 10006.407940
6.343917929e-07 9818.559631
6.345383488e-07 9625.704317
6.346849047e-07 9428.599324
6.348314607e-07 9228.017271
6.349780166e-07 9024.743088
6.351245725e-07 8819.570979
6.352711285e-07 8613.301374
6.354176844e-07 8406.737856
6.355642404e-07 8200.684089
6.357107963e-07 7995.940751
6.358573522e-07 7793.302499
6.360039082e-07 7593.554950
6.361504641e-07 7397.471717
6.362970200e-07 7205.811496
6.364435760e-07 7019.315219
6.365901319e-07 6838.703282
6.367366878e-07 6664.672858
6.368832438e-07 6497.895314
6.370297997e-07 6339.013722
6.371763556e-07 6188.640495
6.373229116e-07 6047.355140
6.374694675e-07 5915.702141
6.376160234e-07 5794.188992
6.377625794e-07 5683.284357
6.379091353e-07 5583.416400
6.380556913e-07 5494.971263
6.382022472e-07 5418.291705
6.383488031e-07 5353.675916
6.384953591e-07 5301.376496
6.386419150e-07 5261.599610
6.387884709e-07 5234.504321
6.389350269e-07 5220.202097
6.390815828e-07 5218.756504
6.392281387e-07 5230.183074
6.393746947e-07 5254.449353
6.395212506e-07 5291.475132
6.396678065e-07 5341.132849
6.398143625e-07 5403.248175
6.399609184e-07 5477.600759
6.401074744e-07 5563.925157
6.402540303e-07 5661.911910
6.404005862e-07 5771.208798
6.405471422e-07 5891.422235
6.406936981e-07 6022.118817
6.408402540e-07 6162.827017
6.409868100e-07 6313.039011
6.411333659e-07 6472.212631
6.412799218e-07 6639.773442
6.414264778e-07 6815.116931
6.415730337e-07 6997.610793
6.417195896e-07 7186.597328
6.418661456e-07 7381.395900
6.420127015e-07 7581.305497
6.421592574e-07 7785.607337
6.423058134e-07 7993.567546
6.424523693e-07 8204.439872
6.425989253e-07 8417.468441
6.427454812e-07 8631.890537
6.428920371e-07 8846.939399
6.430385931e-07 9061.847024
6.431851490e-07 9275.846964
6.433317049e-07 9488.177108
6.434782609e-07 9698.082439
6.436248168e-07 9904.817759
6.437713727e-07 10107.650367
6.439179287e-07 10305.862679
6.440644846e-07 10498.754793
6.442110405e-07 10685.646976
6.443575965e-07 10865.882066
6.445041524e-07 11038.827794
6.446507084e-07 11203.879000
6.447972643e-07 11360.459749
6.449438202e-07 11508.025330
6.450903762e-07 11646.064138
6.452369321e-07 11774.099431
6.453834880e-07 11891.690956
6.455300440e-07 11998.436436
6.456765999e-07 12093.972916
6.458231558e-07 12177.977967
6.459697118e-07 12250.170734
6.461162677e-07 12310.312839
6.462628236e-07 12358.209124
6.464093796e-07 12393.708237
6.465559355e-07 12416.703063
6.467024915e-07 12427.130990
6.468490474e-07 12424.974023
6.469956033e-07 12410.258730
6.471421593e-07 12383.056037
6.472887152e-07 12343.480862
6.474352711e-07 12291.691594
6.475818271e-07 12227.889423
6.477283830e-07 12152.317513
6.478749389e-07 12065.260039
6.480214949e-07 11967.041073
6.481680508e-07 11858.023340
6.483146067e-07 11738.606837
6.484611627e-07 11609.227327
6.486077186e-07 11470.354710
6.487542745e-07 11322.491286
6.489008305e-07 11166.169901
6.490473864e-07 11001.951996
6.491939424e-07 10830.425567
6.493404983e-07 10652.203028
6.494870542e-07 10467.919009
6.496336102e-07 10278.228073
6.497801661e-07 10083.802376
6.499267220e-07 9885.329276
6.500732780e-07 9683.508892
6.502198339e-07 9479.051630
6.503663898e-07 9272.675681
6.505129458e-07 9065.104504
6.506595017e-07 8857.064296
6.508060576e-07 8649.281461
6.509526136e-07 8442.480090
6.510991695e-07 8237.379459
6.512457255e-07 8034.691547
6.513922814e-07 7835.118595
6.515388373e-07 7639.350703
6.516853933e-07 7448.063482
6.518319492e-07 7261.915757
6.519785051e-07 7081.547348
6.521250611e-07 6907.576911
6.522716170e-07 6740.599872
6.524181729e-07 6581.186443
6.525647289e-07 6429.879729
6.527112848e-07 6287.193944
6.528578407e-07 6153.612722
6.530043967e-07 6029.587551
6.531509526e-07 5915.536313
6.532975085e-07 5811.841950
6.534440645e-07 5718.851250
6.535906204e-07 5636.873773
6.537371764e-07 5566.180889
6.538837323e-07 5507.004969
6.540302882e-07 5459.538700
6.541768442e-07 5423.934543
6.543234001e-07 5400.304330
6.544699560e-07 5388.718998
6.546165120e-07 5389.208464
6.547630679e-07 5401.761645
6.549096238e-07 5426.326611
6.550561798e-07 5462.810874
6.552027357e-07 5511.081824
6.553492916e-07 5570.967290
6.554958476e-07 5642.256231
6.556424035e-07 5724.699569
6.557889595e-07 5818.011131
6.559355154e-07 5921.868723
6.560820713e-07 6035.915321
6.562286273e-07 6159.760366
6.563751832e-07 6292.981181
6.565217391e-07 6435.124478
6.566682951e-07 6585.707967
6.568148510e-07 6744.222060
6.569614069e-07 6910.131653
6.571079629e-07 7082.877992
6.572545188e-07 7261.880607
6.574010747e-07 7446.539316
6.575476307e-07 7636.236282
6.576941866e-07 7830.338126
6.578407426e-07 8028.198079
6.579872985e-07 8229.158173
6.581338544e-07 8432.551463
6.582804104e-07 8637.704263
6.584269663e-07 8843.938404
6.585735222e-07 9050.573494
6.587200782e-07 9256.929175
6.588666341e-07 9462.327377
6.590131900e-07 9666.094547
6.591597460e-07 9867.563864
6.593063019e-07 10066.077413
6.594528578e-07 10260.988332
6.595994138e-07 10451.662902
6.597459697e-07 10637.482600
6.598925256e-07 10817.846075
6.600390816e-07 10992.171080
6.601856375e-07 11159.896319
6.603321935e-07 11320.483222
6.604787494e-07 11473.417640
6.606253053e-07 11618.211455
6.607718613e-07 11754.404088
6.609184172e-07 11881.563927
6.610649731e-07 11999.289638
6.612115291e-07 12107.211385
6.613580850e-07 12204.991932
6.615046409e-07 12292.327643
6.616511969e-07 12368.949359
6.617977528e-07 12434.623172
6.619443087e-07 12489.151063
6.620908647e-07 12532.371442
6.622374206e-07 12564.159548
6.623839766e-07 12584.427741
6.625305325e-07 12593.125667
6.626770884e-07 12590.240301
6.628236444e-07 12575.795869
6.629702003e-07 12549.853655
6.631167562e-07 12512.511682
6.632633122e-07 12463.904278
6.634098681e-07 12404.201527
6.635564240e-07 12333.608610
6.637029800e-07 12252.365030
6.638495359e-07 12160.743731
6.639960918e-07 12059.050119
6.641426478e-07 11947.620972
6.642892037e-07 11826.823266
6.644357596e-07 11697.052897
6.645823156e-07 11558.733327
6.647288715e-07 11412.314136
6.648754275e-07 11258.269507
6.650219834e-07 11097.096630
6.651685393e-07 10929.314046
6.653150953e-07 10755.459923
6.654616512e-07 10576.090283
6.656082071e-07 10391.777175
6.657547631e-07 10203.106810
6.659013190e-07 10010.677648
6.660478749e-07 9815.098467
6.661944309e-07 9616.986400
6.663409868e-07 9416.964954
6.664875427e-07 9215.662018
6.666340987e-07 9013.707868
6.667806546e-07 8811.733170
6.669272106e-07 8610.366987
6.670737665e-07 8410.234808
6.672203224e-07 8211.956592
6.673668784e-07 8016.144834
6.675134343e-07 7823.402666
6.676599902e-07 7634.322001
6.678065462e-07 7449.481711
6.679531021e-07 7269.445858
6.680996580e-07 7094.761979
6.682462140e-07 6925.959432
6.683927699e-07 6763.547799
6.685393258e-07 6608.015369
6.686858818e-07 6459.827683
6.688324377e-07 6319.426163
6.689789936e-07 6187.226819
6.691255496e-07 6063.619045
6.692721055e-07 5948.964499
6.694186615e-07 5843.596074
6.695652174e-07 5747.816965
6.697117733e-07 5661.899836
6.698583293e-07 5586.086076
6.700048852e-07 5520.585164
6.701514411e-07 5465.574130
6.702979971e-07 5421.197125
6.704445530e-07 5387.565088
6.705911089e-07 5364.755521
6.707376649e-07 5352.812368
6.708842208e-07 5351.745999
6.710307767e-07 5361.533293
6.711773327e-07 5382.117829
6.713238886e-07 5413.410180
6.714704446e-07 5455.288299
6.716170005e-07 5507.598014
6.717635564e-07 5570.153611
6.719101124e-07 5642.738515
6.720566683e-07 5725.106065
6.722032242e-07 5816.980372
6.723497802e-07 5918.057270
6.724963361e-07 6028.005338
6.726428920e-07 6146.467017
6.727894480e-07 6273.059785
6.729360039e-07 6407.377416
6.730825598e-07 6548.991296
6.732291158e-07 6697.451811
6.733756717e-07 6852.289782
6.735222277e-07 7013.017961
6.736687836e-07 7179.132575
6.738153395e-07 7350.114907
6.739618955e-07 7525.432920
6.741084514e-07 7704.542915
6.742550073e-07 7886.891216
6.744015633e-07 8071.915870
6.745481192e-07 8259.048382
6.746946751e-07 8447.715439
6.748412311e-07 8637.340662
6.749877870e-07 8827.346347
6.751343429e-07 9017.155201
6.752808989e-07 9206.192080
6.754274548e-07 9393.885700
6.755740107e-07 9579.670337
6.757205667e-07 9762.987500
6.758671226e-07 9943.287572
6.760136786e-07 10120.031421
6.761602345e-07 10292.691972
6.763067904e-07 10460.755729
6.764533464e-07 10623.724261
6.765999023e-07 10781.115628
6.767464582e-07 10932.465749
6.768930142e-07 11077.329720
6.770395701e-07 11215.283060
6.771861260e-07 11345.922896
6.773326820e-07 11468.869072
6.774792379e-07 11583.765196
6.776257938e-07 11690.279597
6.777723498e-07 11788.106219
6.779189057e-07 11876.965424
6.780654617e-07 11956.604719
6.782120176e-07 12026.799396
6.783585735e-07 12087.353089
6.785051295e-07 12138.098245
6.786516854e-07 12178.896504
6.787982413e-07 12209.638996
6.789447973e-07 12230.246548
6.790913532e-07 12240.669798
6.792379091e-07 12240.889231
6.793844651e-07 12230.915115
6.795310210e-07 12210.787361
6.796775769e-07 12180.575286
6.798241329e-07 12140.377302
6.799706888e-07 12090.320513
6.801172447e-07 12030.560230
6.802638007e-07 11961.279413
6.804103566e-07 11882.688028
6.805569126e-07 11795.022331
6.807034685e-07 11698.544076
6.808500244e-07 11593.539658
6.809965804e-07 11480.319183
6.811431363e-07 11359.215476
6.812896922e-07 11230.583027
6.814362482e-07 11094.796878
6.815828041e-07 10952.251459
6.817293600e-07 10803.359370
6.818759160e-07 10648.550119
6.820224719e-07 10488.268812
6.821690278e-07 10322.974812
6.823155838e-07 10153.140357
6.824621397e-07 9979.249150
6.826086957e-07 9801.794921
6.827552516e-07 9621.279972
6.829018075e-07 9438.213694
6.830483635e-07 9253.111086
6.831949194e-07 9066.491250
6.833414753e-07 8878.875890
6.834880313e-07 8690.787811
6.836345872e-07 8502.749417
6.837811431e-07 8315.281222
6.839276991e-07 8128.900373
6.840742550e-07 7944.119187
6.842208109e-07 7761.443714
6.843673669e-07 7581.372319
6.845139228e-07 7404.394298
6.846604787e-07 7230.988523
6.848070347e-07 7061.622128
6.849535906e-07 6896.749227
6.851001466e-07 6736.809685
6.852467025e-07 6582.227927
6.853932584e-07 6433.411802
6.855398144e-07 6290.751500
6.856863703e-07 6154.618518
6.858329262e-07 6025.364695
6.859794822e-07 5903.321294
6.861260381e-07 5788.798158
6.862725940e-07 5682.082927
6.864191500e-07 5583.440318
6.865657059e-07 5493.111479
6.867122618e-07 5411.313410
6.868588178e-07 5338.238451
6.870053737e-07 5274.053851
6.871519297e-07 5218.901403
6.872984856e-07 5172.897151
6.874450415e-07 5136.131177
6.875915975e-07 5108.667455
6.877381534e-07 5090.543788
6.878847093e-07 5081.771807
6.880312653e-07 5082.337051
6.881778212e-07 5092.199118
6.883243771e-07 5111.291890
6.884709331e-07 5139.523821
6.886174890e-07 5176.778301
6.887640449e-07 5222.914089
6.889106009e-07 5277.765807
6.890571568e-07 5341.144500
6.892037128e-07 5412.838264
6.893502687e-07 5492.612926
6.894968246e-07 5580.212793
6.896433806e-07 5675.361441
6.897899365e-07 5777.762577
6.899364924e-07 5887.100933
6.900830484e-07 6003.043223
6.902296043e-07 6125.239135
6.903761602e-07 6253.322368
6.905227162e-07 6386.911707
6.906692721e-07 6525.612138
6.908158280e-07 6669.015988
6.909623840e-07 6816.704100
6.911089399e-07 6968.247030
6.912554958e-07 7123.206266
6.914020518e-07 7281.135468
6.915486077e-07 7441.581725
6.916951637e-07 7604.086813
6.918417196e-07 7768.188473
6.919882755e-07 7933.421689
6.921348315e-07 8099.319966
6.922813874e-07 8265.416602
6.924279433e-07 8431.245963
6.925744993e-07 8596.344742
6.927210552e-07 8760.253202
6.928676111e-07 8922.516415
6.930141671e-07 9082.685466
6.931607230e-07 9240.318645
6.933072789e-07 9394.982610
6.934538349e-07 9546.253523
6.936003908e-07 9693.718147
6.937469468e-07 9836.974920
6.938935027e-07 9975.634981
6.940400586e-07 10109.323166
6.941866146e-07 10237.678952
6.943331705e-07 10360.357362
6.944797264e-07 10477.029825
6.946262824e-07 10587.384983
6.947728383e-07 10691.129447
6.949193942e-07 10787.988507
6.950659502e-07 10877.706781
6.952125061e-07 10960.048811
6.953590620e-07 11034.799605
6.955056180e-07 11101.765115
6.956521739e-07 11160.772665
6.957987298e-07 11211.671311
6.959452858e-07 11254.332147
6.960918417e-07 11288.648546
6.962383977e-07 11314.536345
6.963849536e-07 11331.933964
6.965315095e-07 11340.802468
6.966780655e-07 11341.125568
6.968246214e-07 11332.909557
6.969711773e-07 11316.183193
6.971177333e-07 11290.997520
6.972642892e-07 11257.425631
6.974108451e-07 11215.562368
6.975574011e-07 11165.523982
6.977039570e-07 11107.447716
6.978505129e-07 11041.491356
6.979970689e-07 10967.832715
6.981436248e-07 10886.669072
6.982901808e-07 10798.216567
6.984367367e-07 10702.709545
6.985832926e-07 10600.399850
6.987298486e-07 10491.556092
6.988764045e-07 10376.462860
6.990229604e-07 10255.419900
6.991695164e-07 10128.741267
6.993160723e-07 9996.754429
6.994626282e-07 9859.799356
6.996091842e-07 9718.227569
6.997557401e-07 9572.401170
6.999022960e-07 9422.691851
7.000488520e-07 9269.479878
7.001954079e-07 9113.153065
7.003419638e-07 8954.105726
7.004885198e-07 8792.737624
7.006350757e-07 8629.452905
7.007816317e-07 8464.659031
7.009281876e-07 8298.765708
7.010747435e-07 8132.183816
7.012212995e-07 7965.324339
7.013678554e-07 7798.597301
7.015144113e-07 7632.410717
7.016609673e-07 7467.169544
7.018075232e-07 7303.274655
7.019540791e-07 7141.121827
7.021006351e-07 6981.100742
7.022471910e-07 6823.594019
7.023937469e-07 6668.976262
7.025403029e-07 6517.613138
7.026868588e-07 6369.860483
7.028334148e-07 6226.063433
7.029799707e-07 6086.555598
7.031265266e-07 5951.658258
7.032730826e-07 5821.679607
7.034196385e-07 5696.914024
7.035661944e-07 5577.641392
7.037127504e-07 5464.126452
7.038593063e-07 5356.618205
7.040058622e-07 5255.349353
7.041524182e-07 5160.535786
7.042989741e-07 5072.376115
7.044455300e-07 4991.051256
7.045920860e-07 4916.724052
7.047386419e-07 4849.538951
7.048851979e-07 4789.621733
7.050317538e-07 4737.079280
7.051783097e-07 4691.999398
7.053248657e-07 4654.450693
7.054714216e-07 4624.482491
7.056179775e-07 4602.124807
7.057645335e-07 4587.388367
7.059110894e-07 4580.264675
7.060576453e-07 4580.726133
7.062042013e-07 4588.726202
7.063507572e-07 4604.199615
7.064973131e-07 4627.062633
7.066438691e-07 4657.213351
7.067904250e-07 4694.532038
7.069369809e-07 4738.881532
7.070835369e-07 4790.107670
7.072300928e-07 4848.039756
7.073766488e-07 4912.491071
7.075232047e-07 4983.259424
7.076697606e-07 5060.127731
7.078163166e-07 5142.864630
7.079628725e-07 5231.225136
7.081094284e-07 5324.951312
7.082559844e-07 5423.772981
7.084025403e-07 5527.408458
7.085490962e-07 5635.565311
7.086956522e-07 5747.941133
7.088422081e-07 5864.224354
7.089887640e-07 5984.095051
7.091353200e-07 6107.225786
7.092818759e-07 6233.282454
7.094284319e-07 6361.925142
7.095749878e-07 6492.809001
7.097215437e-07 6625.585117
7.098680997e-07 6759.901400
7.100146556e-07 6895.403458
7.101612115e-07 7031.735493
7.103077675e-07 7168.541171
7.104543234e-07 7305.464511
7.106008793e-07 7442.150752
7.107474353e-07 7578.247218
7.108939912e-07 7713.404175
7.110405471e-07 7847.275668
7.111871031e-07 7979.520352
7.113336590e-07 8109.802302
7.114802149e-07 8237.791806
7.116267709e-07 8363.166139
7.117733268e-07 8485.610311
7.119198828e-07 8604.817800
7.120664387e-07 8720.491251
7.122129946e-07 8832.343153
7.123595506e-07 8940.096486
7.125061065e-07 9043.485342
7.126526624e-07 9142.255512
7.127992184e-07 9236.165041
7.129457743e-07 9324.984749
7.130923302e-07 9408.498722
7.132388862e-07 9486.504763
7.133854421e-07 9558.814812
7.135319980e-07 9625.255323
7.136785540e-07 9685.667607
7.138251099e-07 9739.908137
7.139716659e-07 9787.848818
7.141182218e-07 9829.377205
7.142647777e-07 9864.396702
7.144113337e-07 9892.826701
7.145578896e-07 9914.602697
7.147044455e-07 9929.676355
7.148510015e-07 9938.015540
7.149975574e-07 9939.604309
7.151441133e-07 9934.442863
7.152906693e-07 9922.547460
7.154372252e-07 9903.950289
7.155837811e-07 9878.699312
7.157303371e-07 9846.858061
7.158768930e-07 9808.505406
7.160234489e-07 9763.735285
7.161700049e-07 9712.656395
7.163165608e-07 9655.391862
7.164631168e-07 9592.078863
7.166096727e-07 9522.868228
7.167562286e-07 9447.924009
7.169027846e-07 9367.423019
7.170493405e-07 9281.554342
7.171958964e-07 9190.518824
7.173424524e-07 9094.528526
7.174890083e-07 8993.806170
7.176355642e-07 8888.584552
7.177821202e-07 8779.105935
7.179286761e-07 8665.621430
7.180752320e-07 8548.390355
7.182217880e-07 8427.679578
7.183683439e-07 8303.762851
7.185148999e-07 8176.920125
7.186614558e-07 8047.436863
7.188080117e-07 7915.603333
7.189545677e-07 7781.713911
7.191011236e-07 7646.066357
7.192476795e-07 7508.961109
7.193942355e-07 7370.700559
7.195407914e-07 7231.588339
7.196873473e-07 7091.928603
7.198339033e-07 6952.025314
7.199804592e-07 6812.181537
7.201270151e-07 6672.698739
7.202735711e-07 6533.876093
7.204201270e-07 6396.009796
7.205666830e-07 6259.392399
7.207132389e-07 6124.312142
7.208597948e-07 5991.052317
7.210063508e-07 5859.890631
7.211529067e-07 5731.098598
7.212994626e-07 5604.940944
7.214460186e-07 5481.675033
7.215925745e-07 5361.550310
7.217391304e-07 5244.807774
7.218856864e-07 5131.679465
7.220322423e-07 5022.387982
7.221787982e-07 4917.146021
7.223253542e-07 4816.155943
7.224719101e-07 4719.609363
7.226184660e-07 4627.686778
7.227650220e-07 4540.557203
7.229115779e-07 4458.377861
7.230581339e-07 4381.293879
7.232046898e-07 4309.438029
7.233512457e-07 4242.930494
7.234978017e-07 4181.878663
7.236443576e-07 4126.376958
7.237909135e-07 4076.506694
7.239374695e-07 4032.335968
7.240840254e-07 3993.919575
7.242305813e-07 3961.298966
7.243771373e-07 3934.502224
7.245236932e-07 3913.544080
7.246702491e-07 3898.425955
7.248168051e-07 3889.136032
7.249633610e-07 3885.649362
7.251099170e-07 3887.927993
7.252564729e-07 3895.921134
7.254030288e-07 3909.565340
7.255495848e-07 3928.784734
7.256961407e-07 3953.491244
7.258426966e-07 3983.584879
7.259892526e-07 4018.954020
7.261358085e-07 4059.475740
7.262823644e-07 4105.016147
7.264289204e-07 4155.430752
7.265754763e-07 4210.564848
7.267220322e-07 4270.253929
7.268685882e-07 4334.324107
7.270151441e-07 4402.592561
7.271617000e-07 4474.868002
7.273082560e-07 4550.951146
7.274548119e-07 4630.635215
7.276013679e-07 4713.706434
7.277479238e-07 4799.944559
7.278944797e-07 4889.123403
7.280410357e-07 4981.011379
7.281875916e-07 5075.372044
7.283341475e-07 5171.964660
7.284807035e-07 5270.544753
7.286272594e-07 5370.864683
7.287738153e-07 5472.674206
7.289203713e-07 5575.721057
7.290669272e-07 5679.751511
7.292134831e-07 5784.510964
7.293600391e-07 5889.744499
7.295065950e-07 5995.197452
7.296531510e-07 6100.615978
7.297997069e-07 6205.747605
7.299462628e-07 6310.341784
7.300928188e-07 6414.150436
7.302393747e-07 6516.928478
7.303859306e-07 6618.434352
7.305324866e-07 6718.430533
7.306790425e-07 6816.684029
7.308255984e-07 6912.966870
7.309721544e-07 7007.056571
7.311187103e-07 7098.736599
7.312652662e-07 7187.796806
7.314118222e-07 7274.033851
7.315583781e-07 7357.251610
7.317049340e-07 7437.261559
7.318514900e-07 7513.883143
7.319980459e-07 7586.944119
7.321446019e-07 7656.280888
7.322911578e-07 7721.738796
7.324377137e-07 7783.172420
7.325842697e-07 7840.445827
7.327308256e-07 7893.432816
7.328773815e-07 7942.017129
7.330239375e-07 7986.092650
7.331704934e-07 8025.563569
7.333170493e-07 8060.344531
7.334636053e-07 8090.360754
7.336101612e-07 8115.548131
7.337567171e-07 8135.853302
7.339032731e-07 8151.233703
7.340498290e-07 8161.657595
7.341963850e-07 8167.104064
7.343429409e-07 8167.563001
7.344894968e-07 8163.035059
7.346360528e-07 8153.531583
7.347826087e-07 8139.074523
7.349291646e-07 8119.696320
7.350757206e-07 8095.439771
7.352222765e-07 8066.357876
7.353688324e-07 8032.513660
7.355153884e-07 7993.979975
7.356619443e-07 7950.839284
7.358085002e-07 7903.183427
7.359550562e-07 7851.113363
7.361016121e-07 7794.738898
7.362481681e-07 7734.178401
7.363947240e-07 7669.558489
7.365412799e-07 7601.013714
7.366878359e-07 7528.686221
7.368343918e-07 7452.725401
7.369809477e-07 7373.287527
7.371275037e-07 7290.535377
7.372740596e-07 7204.637851
7.374206155e-07 7115.769571
7.375671715e-07 7024.110475
7.377137274e-07 6929.845403
7.378602833e-07 6833.163672
7.380068393e-07 6734.258652
7.381533952e-07 6633.327327
7.382999511e-07 6530.569857
7.384465071e-07 6426.189135
7.385930630e-07 6320.390341
7.387396190e-07 6213.380497
7.388861749e-07 6105.368016
7.390327308e-07 5996.562256
7.391792868e-07 5887.173073
7.393258427e-07 5777.410376
7.394723986e-07 5667.483686
7.396189546e-07 5557.601698
7.397655105e-07 5447.971849
7.399120664e-07 5338.799892
7.400586224e-07 5230.289471
7.402051783e-07 5122.641714
7.403517342e-07 5016.054826
7.404982902e-07 4910.723691
7.406448461e-07 4806.839490
7.407914021e-07 4704.589324
7.409379580e-07 4604.155847
7.410845139e-07 4505.716919
7.412310699e-07 4409.445264
7.413776258e-07 4315.508143
7.415241817e-07 4224.067041
7.416707377e-07 4135.277370
7.418172936e-07 4049.288186
7.419638495e-07 3966.241919
7.421104055e-07 3886.274120
7.422569614e-07 3809.513227
7.424035173e-07 3736.080344
7.425500733e-07 3666.089037
7.426966292e-07 3599.645151
7.428431851e-07 3536.846638
7.429897411e-07 3477.783408
7.431362970e-07 3422.537195
7.432828530e-07 3371.181443
7.434294089e-07 3323.781209
7.435759648e-07 3280.393081
7.437225208e-07 3241.065119
7.438690767e-07 3205.836813
7.440156326e-07 3174.739055
7.441621886e-07 3147.794135
7.443087445e-07 3125.015749
7.444553004e-07 3106.409029
7.446018564e-07 3091.970587
7.447484123e-07 3081.688582
7.448949682e-07 3075.542792
7.450415242e-07 3073.504720
7.451880801e-07 3075.537697
7.453346361e-07 3081.597020
7.454811920e-07 3091.630088
7.456277479e-07 3105.576566
7.457743039e-07 3123.368557
7.459208598e-07 3144.930792
7.460674157e-07 3170.180829
7.462139717e-07 3199.029268
7.463605276e-07 3231.379982
7.465070835e-07 3267.130352
7.466536395e-07 3306.171522
7.468001954e-07 3348.388658
7.469467513e-07 3393.661219
7.470933073e-07 3441.863243
7.472398632e-07 3492.863634
7.473864191e-07 3546.526460
7.475329751e-07 3602.711263
7.476795310e-07 3661.273370
7.478260870e-07 3722.064213
7.479726429e-07 3784.931651
7.481191988e-07 3849.720305
7.482657548e-07 3916.271888
7.484123107e-07 3984.425544
7.485588666e-07 4054.018188
7.487054226e-07 4124.884845
7.488519785e-07 4196.858996
7.489985344e-07 4269.772922
7.491450904e-07 4343.458045
7.492916463e-07 4417.745273
7.494382022e-07 4492.465339
7.495847582e-07 4567.449142
7.497313141e-07 4642.528080
7.498778701e-07 4717.534387
7.500244260e-07 4792.301456
7.501709819e-07 4866.664167
7.503175379e-07 4940.459204
7.504640938e-07 5013.525364
7.506106497e-07 5085.703868
7.507572057e-07 5156.838654
7.509037616e-07 5226.776672
7.510503175e-07 5295.368164
7.511968735e-07 5362.466938
7.513434294e-07 5427.930635
7.514899853e-07 5491.620981
7.516365413e-07 5553.404035
7.517830972e-07 5613.150421
7.519296532e-07 5670.735553
7.520762091e-07 5726.039849
7.522227650e-07 5778.948929
7.523693210e-07 5829.353806
7.525158769e-07 5877.151064
7.526624328e-07 5922.243021
7.528089888e-07 5964.537883
7.529555447e-07 6003.949881
7.531021006e-07 6040.399402
7.532486566e-07 6073.813096
7.533952125e-07 6104.123983
7.535417684e-07 6131.271535
7.536883244e-07 6155.201753
7.538348803e-07 6175.867223
7.539814362e-07 6193.227168
7.541279922e-07 6207.247480
7.542745481e-07 6217.900737
7.544211041e-07 6225.166214
7.545676600e-07 6229.029873
7.547142159e-07 6229.484349
7.548607719e-07 6226.528913
7.550073278e-07 6220.169430
7.551538837e-07 6210.418300
7.553004397e-07 6197.294389
7.554469956e-07 6180.822949
7.555935515e-07 6161.035522
7.557401075e-07 6137.969837
7.558866634e-07 6111.669692
7.560332193e-07 6082.184831
7.561797753e-07 6049.570799
7.563263312e-07 6013.888803
7.564728872e-07 5975.205549
7.566194431e-07 5933.593075
7.567659990e-07 5889.128578
7.569125550e-07 5841.894228
7.570591109e-07 5791.976974
7.572056668e-07 5739.468346
7.573522228e-07 5684.464243
7.574987787e-07 5627.064726
7.576453346e-07 5567.373788
7.577918906e-07 5505.499135
7.579384465e-07 5441.551951
7.580850024e-07 5375.646657
7.582315584e-07 5307.900680
7.583781143e-07 5238.434195
7.585246702e-07 5167.369887
7.586712262e-07 5094.832696
7.588177821e-07 5020.949560
7.589643381e-07 4945.849167
7.591108940e-07 4869.661688
7.592574499e-07 4792.518531
7.594040059e-07 4714.552073
7.595505618e-07 4635.895408
7.596971177e-07 4556.682089
7.598436737e-07 4477.045869
7.599902296e-07 4397.120450
7.601367855e-07 4317.039232
7.602833415e-07 4236.935057
7.604298974e-07 4156.939971
7.605764533e-07 4077.184973
7.607230093e-07 3997.799781
7.608695652e-07 3918.912594
7.610161212e-07 3840.649866
7.611626771e-07 3763.136075
7.613092330e-07 3686.493509
7.614557890e-07 3610.842048
7.616023449e-07 3536.298962
7.617489008e-07 3462.978705
7.618954568e-07 3390.992722
7.620420127e-07 3320.449267
7.621885686e-07 3251.453217
7.623351246e-07 3184.105905
7.624816805e-07 3118.504958
7.626282364e-07 3054.744136
7.627747924e-07 2992.913192
7.629213483e-07 2933.097729
7.630679043e-07 2875.379075
7.632144602e-07 2819.834161
7.633610161e-07 2766.535408
7.635075721e-07 2715.550632
7.636541280e-07 2666.942945
7.638006839e-07 2620.770675
7.639472399e-07 2577.087298
7.640937958e-07 2535.941364
7.642403517e-07 2497.376455
7.643869077e-07 2461.431133
7.645334636e-07 2428.138909
7.646800195e-07 2397.528218
7.648265755e-07 2369.622405
7.649731314e-07 2344.439716
7.651196873e-07 2321.993308
7.652662433e-07 2302.291257
7.654127992e-07 2285.336583
7.655593552e-07 2271.127284
7.657059111e-07 2259.656374
7.658524670e-07 2250.911932
7.659990230e-07 2244.877166
7.661455789e-07 2241.530475
7.662921348e-07 2240.845524
7.664386908e-07 2242.791334
7.665852467e-07 2247.332364
7.667318026e-07 2254.428619
7.668783586e-07 2264.035749
7.670249145e-07 2276.105169
7.671714704e-07 2290.584174
7.673180264e-07 2307.416068
7.674645823e-07 2326.540299
7.676111383e-07 2347.892595
7.677576942e-07 2371.405112
7.679042501e-07 2397.006581
7.680508061e-07 2424.622464
7.681973620e-07 2454.175118
7.683439179e-07 2485.583953
7.684904739e-07 2518.765604
7.686370298e-07 2553.634101
7.687835857e-07 2590.101048
7.689301417e-07 2628.075795
7.690766976e-07 2667.465625
7.692232535e-07 2708.175933
7.693698095e-07 2750.110413
7.695163654e-07 2793.171245
7.696629213e-07 2837.259279
7.698094773e-07 2882.274229
7.699560332e-07 2928.114857
7.701025892e-07 2974.679168
7.702491451e-07 3021.864593
7.703957010e-07 3069.568180
7.705422570e-07 3117.686783
7.706888129e-07 3166.117247
7.708353688e-07 3214.756593
7.709819248e-07 3263.502200
7.711284807e-07 3312.251989
7.712750366e-07 3360.904598
7.714215926e-07 3409.359558
7.715681485e-07 3457.517467
7.717147044e-07 3505.280158
7.718612604e-07 3552.550866
7.720078163e-07 3599.234387
7.721543723e-07 3645.237237
7.723009282e-07 3690.467807
7.724474841e-07 3734.836505
7.725940401e-07 3778.255909
7.727405960e-07 3820.640896
7.728871519e-07 3861.908782
7.730337079e-07 3901.979446
7.731802638e-07 3940.775453
7.733268197e-07 3978.222171
7.734733757e-07 4014.247882
7.736199316e-07 4048.783883
7.737664875e-07 4081.764586
7.739130435e-07 4113.127611
7.740595994e-07 4142.813868
7.742061553e-07 4170.767638
7.743527113e-07 4196.936643
7.744992672e-07 4221.272114
7.746458232e-07 4243.728845
7.747923791e-07 4264.265250
7.749389350e-07 4282.843404
7.750854910e-07 4299.429081
7.752320469e-07 4313.991788
7.753786028e-07 4326.504787
7.755251588e-07 4336.945113
7.756717147e-07 4345.293583
7.758182706e-07 4351.534803
7.759648266e-07 4355.657165
7.761113825e-07 4357.652833
7.762579384e-07 4357.517734
7.764044944e-07 4355.251530
7.765510503e-07 4350.857592
7.766976063e-07 4344.342962
7.768441622e-07 4335.718318
7.769907181e-07 4324.997921
7.771372741e-07 4312.199562
7.772838300e-07 4297.344510
7.774303859e-07 4280.457438
7.775769419e-07 4261.566361
7.777234978e-07 4240.702559
7.778700537e-07 4217.900496
7.780166097e-07 4193.197735
7.781631656e-07 4166.634849
7.783097215e-07 4138.255330
7.784562775e-07 4108.105486
7.786028334e-07 4076.234342
7.787493894e-07 4042.693534
7.788959453e-07 4007.537196
7.790425012e-07 3970.821854
7.791890572e-07 3932.606301
7.793356131e-07 3892.951485
7.794821690e-07 3851.920385
7.796287250e-07 3809.577883
7.797752809e-07 3765.990647
7.799218368e-07 3721.226990
7.800683928e-07 3675.356753
7.802149487e-07 3628.451162
7.803615046e-07 3580.582704
7.805080606e-07 3531.824986
7.806546165e-07 3482.252607
7.808011724e-07 3431.941019
7.809477284e-07 3380.966390
7.810942843e-07 3329.405474
7.812408403e-07 3277.335470
7.813873962e-07 3224.833893
7.815339521e-07 3171.978434
7.816805081e-07 3118.846830
7.818270640e-07 3065.516732
7.819736199e-07 3012.065572
7.821201759e-07 2958.570436
7.822667318e-07 2905.107935
7.824132877e-07 2851.754078
7.825598437e-07 2798.584153
7.827063996e-07 2745.672599
7.828529555e-07 2693.092894
7.829995115e-07 2640.917434
7.831460674e-07 2589.217422
7.832926234e-07 2538.062757
7.834391793e-07 2487.521929
7.835857352e-07 2437.661912
7.837322912e-07 2388.548066
7.838788471e-07 2340.244040
7.840254030e-07 2292.811681
7.841719590e-07 2246.310939
7.843185149e-07 2200.799791
7.844650708e-07 2156.334152
7.846116268e-07 2112.967803
7.847581827e-07 2070.752318
7.849047386e-07 2029.736993
7.850512946e-07 1989.968788
7.851978505e-07 1951.492261
7.853444064e-07 1914.349519
7.854909624e-07 1878.580166
7.856375183e-07 1844.221256
7.857840743e-07 1811.307258
7.859306302e-07 1779.870011
7.860771861e-07 1749.938702
7.862237421e-07 1721.539833
7.863702980e-07 1694.697203
7.865168539e-07 1669.431890
7.866634099e-07 1645.762236
7.868099658e-07 1623.703844
7.869565217e-07 1603.269572
7.871030777e-07 1584.469533
7.872496336e-07 1567.311105
7.873961895e-07 1551.798940
7.875427455e-07 1537.934978
7.876893014e-07 1525.718467
7.878358574e-07 1515.145986
7.879824133e-07 1506.211476
7.881289692e-07 1498.906267
7.882755252e-07 1493.219119
7.884220811e-07 1489.136258
7.885686370e-07 1486.641423
7.887151930e-07 1485.715911
7.888617489e-07 1486.338629
7.890083048e-07 1488.486150
7.891548608e-07 1492.132769
7.893014167e-07 1497.250564
7.894479726e-07 1503.809462
7.895945286e-07 1511.777306
7.897410845e-07 1521.119923
7.898876404e-07 1531.801200
7.900341964e-07 1543.783155
7.901807523e-07 1557.026019
7.903273083e-07 1571.488314
7.904738642e-07 1587.126933
7.906204201e-07 1603.897227
7.907669761e-07 1621.753088
7.909135320e-07 1640.647040
7.910600879e-07 1660.530322
7.912066439e-07 1681.352982
7.913531998e-07 1703.063968
7.914997557e-07 1725.611217
7.916463117e-07 1748.941753
7.917928676e-07 1773.001774
7.919394235e-07 1797.736751
7.920859795e-07 1823.091519
7.922325354e-07 1849.010375
7.923790914e-07 1875.437167
7.925256473e-07 1902.315395
7.926722032e-07 1929.588299
7.928187592e-07 1957.198956
7.929653151e-07 1985.090371
7.931118710e-07 2013.205571
7.932584270e-07 2041.487695
7.934049829e-07 2069.880085
7.935515388e-07 2098.326374
7.936980948e-07 2126.770575
7.938446507e-07 2155.157166
7.939912066e-07 2183.431177
7.941377626e-07 2211.538272
7.942843185e-07 2239.424828
7.944308745e-07 2267.038020
7.945774304e-07 2294.325892
7.947239863e-07 2321.237437
7.948705423e-07 2347.722668
7.950170982e-07 2373.732690
7.951636541e-07 2399.219767
7.953102101e-07 2424.137390
7.954567660e-07 2448.440336
7.956033219e-07 2472.084733
7.957498779e-07 2495.028118
7.958964338e-07 2517.229488
7.960429897e-07 2538.649355
7.961895457e-07 2559.249798
7.963361016e-07 2578.994503
7.964826575e-07 2597.848812
7.966292135e-07 2615.779761
7.967757694e-07 2632.756118
7.969223254e-07 2648.748415
7.970688813e-07 2663.728984
7.972154372e-07 2677.671979
7.973619932e-07 2690.553407
7.975085491e-07 2702.351142
7.976551050e-07 2713.044950
7.978016610e-07 2722.616503
7.979482169e-07 2731.049389
7.980947728e-07 2738.329120
7.982413288e-07 2744.443143
7.983878847e-07 2749.380838
7.985344406e-07 2753.133520
7.986809966e-07 2755.694434
7.988275525e-07 2757.058750
7.989741085e-07 2757.223552
7.991206644e-07 2756.187829
7.992672203e-07 2753.952455
7.994137763e-07 2750.520176
7.995603322e-07 2745.895585
7.997068881e-07 2740.085102
7.998534441e-07 2733.096945
8.000000000e-07 2724.941102
